STATION           DATE     TAVG     TMAX     TMIN      
GHCND:SW000024180 20220301 34       47       28       
GHCND:SW000024180 20220302 35       47       24       
GHCND:SW000024180 20220303 33       42       NaN   
GHCND:SW000024180 20220304 28       38       19       
GHCND:SW000024180 20220305 30       41       17       
GHCND:SW000024180 20220306 34       44       23       
GHCND:SW000024180 20220307 37       46       NaN    
GHCND:SW000024180 20220308 29       43       19       
GHCND:SW000024180 20220309 25       30       NaN    
GHCND:SW000024180 20220310 29       32       20       
GHCND:SW000024180 20220311 29       39       21       
GHCND:SW000024180 20220312 33       47       17       
GHCND:SW000024180 20220313 35       49       20       
GHCND:SW000024180 20220314 36       50       20       
GHCND:SW000024180 20220315 34       NaN    24       
GHCND:SW000024180 20220316 31       NaN    23       
GHCND:SW000024180 20220317 34       NaN    29       
GHCND:SW000024180 20220318 39       49       NaN    
GHCND:SW000024180 20220319 39       NaN    23       
GHCND:SW000024180 20220320 36       49       NaN    
GHCND:SW000024180 20220321 35       49       24       
GHCND:SW000024180 20220322 37       49       25       
GHCND:SW000024180 20220323 39       53       26       
GHCND:SW000024180 20220324 41       56       26       
GHCND:SW000024180 20220325 46       NaN    36       
GHCND:SW000024180 20220326 40       49       NaN    
GHCND:SW000024180 20220327 43       54       27       
GHCND:SW000024180 20220328 46       52       NaN    
GHCND:SW000024180 20220329 32       42       NaN    
GHCND:SW000024180 20220330 28       38       13       
GHCND:SW000024180 20220331 30       41       20       